13
153
196
203
253
799
1018
1048
1271
1603
1662
2542
2672
2744
2865
3147
3324
3525
3841
3933
4239
4501
4531
4673
4681
4739
4760
4871
4989
5156
5187
5430
6094
6262
6407
6539
6596
7046
7048
7228
7257
7632
7655
7679
7761
7780
8142
8226
8629
8710
8772
8885
8960
9059
9369
9424
9533
9656
9898
9941
10599
10633
10775
10848
11442
11465
11506
12527
12581
12582
12596
13074
13113
13380
13744
13874
13930
14175
14206
15101
15108
15192
15288
15580
15807
15947
16066
16366
16421
16507
16693
16841
17413
17811
17906
18005
18023
18169
18727
19628
19818
19838
19921
19996
20365
20509
20940
21814
21907
21981
22238
22260
22270
22813
22973
23118
23635
23645
23782
23977
24383
24686
25705
25729
26096
26300
26946
27049
27117
27303
27348
27450
27519
27526
27602
27662
27809
27817
27919
27977
27982
28269
29180
29311
29368
29427
29458
29733
30197
30351
30994
31015
31346
31753
31976
32087
32489
32506
32548
32566
32567
32672
32674
32686
32862
32999
33054
33289
33570
33630
34040
34092
34099
34151
34307
34750
34903
34960
35242
35363
35906
35913
35949
36358
36417
36901
37082
37191
37333
37601
38311
38688
38718
39029
39088
39445
39671
39704
39897
40030
40291
40463
40477
40538
40631
40910
40931
41014
41081
41157
41414
41539
41852
41879
41887
42061
42499
42884
42897
43033
43397
43426
43429
43794
43900
44451
44502
44534
44713
44757
44879
44938
45087
45323
45435
45628
45742
45835
46522
46691
46859
47110
47190
47583
47587
47608
48144
48280
48352
48677
48788
49286
49431
49502
49834
4739
4760
4871
4989
5156
5187
5430
6094
6262
6407
6539
6596
7046
7048
7228
7257
7632
7655
7679
7761
7780
8142
8226
8629
8710
8772
8885
8960
9059
9369
9424
9533
9656
9898
9941
10599
10633
10775
10848
6752
7423
10099
10232
10492
12426
14660
14924
15742
17337
17888
19623
20054
9838
19921
20509
24686
25705
25729